0
1
2
3
4
5
6
7 13924707.76 13924735.47
8 13924706.93 13924759.82
9 13924776.96
10 13924820.62
11
12
13 13924467.3 13924606.42 13924612.98
14 13924379 13924381.91 13924382.48 13924383.77 13924431.38 13924840.19 13924843.66 13924849.56
15
16
17 13924357.5 13924365.06
18 13924706.74 13924706.84 13924738.92 13924739.24 13924739.85 13924739.96 13924772.54
19
20 13924543.7 13924583.78 13924635.72
21
22
23
24
25
26 13924436.33 13924437.67 13924860.05
27 13924706.27 13924722.48
28
29 13924825.25
30 13924705.2 13924705.23 13924721.86 13924722.88
31 13924468.34 13924552.03 13924559.77
32 13924777.45
33
34 13924736.35
35 13924706.28 13924709.01
36
37
38
39
40 13924705.3 13924728.01
41
42 13924758.21
43 13924374.4 13924429.92
44 13924360.22 13924366.16 13924369.9 13924378.75 13924842.51
45 13924410.05 13924453.99 13924456.12
46
47
48
49
50 13924778.07
51 13924776.87 13924778.55 13924790.67 13924822.87 13924822.89
52 13924536.04 13924552.96 13924555.83 13924556.89 13924608.97 13924625.93 13924628.8
53 13924488.9 13924597.23 13924607.55 13924625.68 13924658.82 13924695.1
54 13924369.36 13924370.25 13924370.43 13924424.84
55 13924757.19
56
57
58
59
60 13924725.5
61
62 13924776.39
63
64
65
66
67
68
69
70
71
72
73
74 13924500.01 13924514.34 13924529.48 13924530.45 13924537.3 13924562.07 13924562.7 13924566.29 13924569.06 13924570.07 13924582.36 13924582.56 13924595.57
75 13924709.65 13924711.04
76 13924392.23
77
78 13924501.41 13924503.53
79
80
81 13924467.94 13924500.33 13924629.9 13924647.45 13924652.26 13924660.14
82
83 13924775.72 13924780.69 13924822.51
84 13924467.28 13924483.01 13924523.15 13924523.81 13924659.32 13924664.57 13924699.89
85
86 13924705.3 13924741.79 13924748.29 13924773.77
87
88
89
90
91
92 13924705.56 13924706.4 13924706.67 13924710.21
93 13924778.5 13924779.86 13924822.55
94 13924706.92 13924756.81 13924773.37
95 13924466.17 13924489.09 13924572.97
96 13924706.53 13924740.9 13924743.65 13924746.94
97
98
99
100
101 13924716.25 13924820.56
102 13924780.09 13924780.58 13924782 13924783
103
104
105 13924489.54
106
107
108 13924368.44 13924371.05 13924373.42 13924375.81 13924388.09 13924392.78 13924400.86 13924400.99 13924404.42 13924454.56
109
110
111
112
113
114
115 13924777.12 13924781.94 13924782.93 13924826.75
116
117
118 13924726.98 13924767.27 13924770.26
119 13924436.1
120 13924777.75
121 13924704.68 13924705.02
122
123
124 13924417.58 13924434.01 13924436.4 13924839.67
125
126
127 13924370.69 13924431.44 13924433.19 13924840.14
128 13924734.81
129
130
131
132 13924708.68
133 13924564.03 13924615.84 13924672.86 13924673.21 13924674.19
134 13924840.88
135
136 13924734.58 13924735.17 13924736.11 13924757.66
137
138 13924537.32 13924540.4 13924542.13
139 13924392.39 13924426.97 13924461.61 13924840.9 13924845.62 13924846.03
140
141 13924465.55 13924533.6 13924546 13924679.38 13924689.62
142 13924679.62
143 13924824.19 13924827.48 13924828.42
144
145
146
147
148
149
150
151
152
153
154
155
156 13924367.24 13924841.29 13924845.44
157
158 13924367.22
159 13924463.99 13924468.4 13924514.92 13924531.73 13924644.1
160 13924704.21
161
162
163
164
165 13924776.6 13924779.38 13924804.21 13924807.93 13924807.99
166 13924467.18 13924469.63 13924508.71 13924656.69 13924659.14
167
168
169
170 13924368.24 13924369.08 13924369.47
171 13924756.59
172
173 13924500.54 13924619.81 13924687.49
174
175
176 13924392.09 13924392.94
177 13924514.48 13924515.7 13924585.22 13924629.53 13924679.6 13924684.94 13924699.86
178 13924777.69 13924805.82
179
180
181 13924412.55 13924415.4 13924839.42 13924841.13
182
183 13924779.47 13924822.4
184
185
186
187
188
189
190 13924825.3
191
192
193 13924465.95 13924580.15 13924652.2 13924653.64 13924657.89 13924660.93 13924674.98
194
195
196
197 13924605.24
198
199
200 13924705.93 13924706.07 13924708.84 13924710.03
201 13924387.62
202 13924777.25
203 13924392.41 13924842.38 13924842.59 13924846.37 13924846.39 13924846.49
204
205
206 13924746.43 13924748.82
207 13924397.52 13924397.7 13924398.36
208 13924417.43 13924427.77
209
210 13924564.54 13924598.84 13924704.72
211
212
213
214
215
216 13924514.39 13924545.91 13924653.79
217 13924467.87 13924503.43 13924529 13924537.49 13924629.58 13924643.92
218
219 13924467.29 13924578.85 13924603.36 13924675.34 13924691.55
220
221
222 13924498.08 13924498.81 13924500.55 13924624.6 13924674.11
223
224
225
226 13924713.86
227
228
229
230 13924763
231 13924465.78 13924505.2 13924580.24 13924580.77 13924583.69 13924672.18
232 13924839.84
233 13924735.46 13924773.5
234
235
236
237
238
239 13924776.72 13924777.53 13924780.89
240
241
242
243
244
245
246
247
248 13924488.65 13924503.92 13924507.45
249 13924778.66 13924779.64 13924782.66
250
251
252
253
254
255
256
257
258 13924366.87 13924371.36
259
260
261
262 13924757.24 13924757.97 13924759.51 13924761.73
263
264
265
266
267
268
269
270
271
272 13924465.39 13924466.44 13924469.13 13924531.47 13924563.84 13924570.28 13924582.66 13924585.73 13924592.23 13924687.76
273
274
275
276
277
278
279
280
281
282
283 13924433.79 13924841.63 13924842.53 13924844.89 13924845.03
284
285 13924381.34
286
287
288
289 13924470.28 13924485.82 13924551.94 13924643.9
290 13924614.16
291
292 13924487.88 13924508.54 13924511.81
293
294
295 13924840.64
296
297
298
299 13924392.45
300 13924781.38 13924781.45 13924824.44
301 13924521.73 13924579.6 13924673.3 13924683.65
302
303
304
305
306
307 13924782.27 13924783.38 13924784.1 13924803.55 13924805.52 13924806.35
308 13924364.79 13924371.5 13924392.33 13924846.8
309
310 13924779.36 13924791.45
311
312
313 13924467.96 13924557.44 13924557.77 13924700.27 13924701.13
314
315 13924780.24 13924782.61 13924798.63
316 13924706.22 13924708.39 13924710.82
317 13924705.33 13924709.94 13924718.38 13924724.85 13924729.5 13924736.5 13924741.37
318 13924771.81
319
320 13924504.14 13924657.16 13924666.7
321
322
323 13924777.81 13924796.24 13924802.88
324
325
326
327 13924392.14
328
329
330 13924365.86 13924369.05 13924843.12 13924850.79
331
332
333
334
335
336
337
338
339
340 13924780.48
341
342 13924776.97 13924781.78
343 13924709.6 13924724.98 13924725.13 13924726.38 13924727.75 13924735.4 13924745.79 13924750.29 13924753.92 13924754.12 13924756.79
344
345 13924465.72 13924466.78 13924655.89
346 13924463.35
347
348
349 13924841.26 13924842.36 13924844.64
350
351 13924712.51
352 13924756.12
353
354
355
356 13924450.15 13924842.47 13924843.14
357
358 13924791.81 13924792.01 13924807.33
359
360
361
362
363
364
365
366 13924777.54 13924782.02
367
368 13924392.35
369 13924839.83 13924840.06
370
371
372 13924741.09
373
374
375
376
377
378
379 13924365.63 13924365.89 13924374.66 13924388.77 13924846.63
380
381
382
383
384 13924705.01 13924705.16 13924706.53 13924712.44 13924737.36
385
386
387
388
389
390
391
392
393 13924704.82 13924758.15 13924758.84
394
395
396
397 13924461.93 13924506.78 13924527.78 13924529.02 13924629.08 13924672.5 13924696.64
398 13924400.49 13924401.53 13924403.91 13924405 13924406.64 13924406.69 13924410.22 13924447.61 13924452.05 13924841.71 13924841.9
399 13924466.94 13924521.01 13924522.79 13924530.13 13924531.12 13924658.72
400
401
402
403
404
405
406 13924570.33 13924570.64 13924573.9 13924576.48 13924656.7 13924673.92 13924679.53
407
408
409
410
411
412
413
414
415
416 13924656.81
417
418
419
420
421
422 13924514.72 13924564.64 13924565.43 13924680.49
423
424
425 13924366.24 13924395.68 13924416.8 13924839.58
426 13924706.36 13924711.27 13924731.54 13924755.3
427
428
429 13924712.57 13924717.13
430 13924772.41 13924772.43
431 13924534.47 13924534.6
432 13924545.1 13924546.19 13924552.87 13924554.98 13924556.22 13924608.88 13924610.08
433 13924465.28 13924465.57 13924466.49 13924466.92 13924532.21 13924674.53 13924688.52
434 13924708.88
435
436
437
438
439 13924519.9 13924522.02 13924605.61 13924625.05
440 13924842.23
441 13924556.75 13924643.76 13924643.9 13924645.12 13924654.09
442
443 13924841.87 13924847.65
444
445
446
447
448 13924468.12 13924531.74 13924568.91
449 13924729.67 13924731.22
450
451
452
453 13924529.35
454
455
456
457 13924437.23
458 13924843.46
459
460
461
462
463
464
465
466
467
468
469 13924740.55 13924741.69
470
471
472 13924468.19 13924541.56 13924605.95 13924681.59 13924681.68 13924683 13924690.96
473 13924705.8
474
475 13924467.22 13924469.38 13924531.41 13924556.78 13924598.7 13924605.22 13924640.58 13924641.14 13924642.01 13924652.74 13924658.21 13924679.86 13924681.04 13924681.17
476
477
478
479 13924556.97 13924558.2 13924560.81 13924563.12 13924569.99 13924572.81 13924582.83 13924597.58 13924619.57
480
481 13924841.61
482
483
484
485 13924807 13924814.08
486
487
488 13924605.25
489 13924779.63
490 13924466.41 13924548.3 13924597.29 13924604.82
491
492
493
494 13924597.06 13924604.68 13924606.08 13924617.03 13924627.56 13924640.22 13924648.19 13924679.75
495
496
497
498
499 13924708.02 13924712.98 13924714.31 13924717.93 13924724.25
500 13924707.64 13924710.24 13924756.84
501
502
503 13924722.81 13924736.68 13924759.02
504
505
506 13924468.79 13924469.81 13924498.76 13924579.45 13924580.56 13924677.61 13924678.42 13924682.03
507 13924417.08 13924417.9 13924419 13924437.04
508
509
510
511
512
513
514 13924778.8 13924779.09
515
516
517
518 13924466.38 13924466.87 13924474.5 13924704.86 13924704.94
519 13924484.49 13924489.57 13924505.21 13924609.63 13924656.4
520
521
522
523
524
525
526 13924706.87
527
528
529
530
531 13924403.56 13924843.03
532
533 13924409.55 13924417.59 13924460.98
534 13924372.81 13924373.77 13924446.83 13924455.32 13924840.59 13924841.26
535
536 13924772.36
537
538
539 13924740.51 13924742.75 13924747.78
540
541
542 13924772.43 13924774.51 13924780.23
543
544
545 13924366.86 13924368.28 13924449.87 13924849.36
546 13924703.96 13924705.17 13924762.98
547
548 13924465.86 13924468.97 13924469.56 13924514.9 13924579.51
549 13924468.63 13924470.92 13924478.04 13924480.6 13924494.44 13924496.3 13924500.09
550
551
552 13924795.81
553
554
555
556
557
558 13924378.08 13924381.62 13924382.08 13924383.15 13924437.26
559
560
561
562 13924746.68
563
564
565
566
567 13924734.89
568
569 13924409.28
570 13924757.64
571
572
573
574
575
576 13924360.38 13924402.14
577
578
579 13924841
580 13924465.6 13924556.8 13924636.47 13924636.9 13924654.54 13924672.22
581 13924773.47 13924780.32 13924781.35 13924814.66
582
583
584
585
586
587
588
589
590 13924466.41 13924468.33 13924498.45 13924499.91 13924595.6 13924658.55
591
592 13924636.89 13924643.37
593
594
595
596 13924392.57
597
598 13924597.15 13924597.59 13924632.35 13924691.09 13924696.77 13924697.65
599
600
601
602 13924779.13
603
604
605 13924408.69
606
607
608
609
610
611
612
613 13924839.88
614
615 13924780.12 13924806.98 13924809.33 13924811.29 13924814.05
616 13924501.16 13924530.96 13924548.08 13924638.48 13924654.29
617
618
619
620
621
622
623 13924398.99 13924402.12 13924420.74
624 13924466.75 13924467.82 13924472.13 13924472.23 13924473.84 13924476.53 13924530.22 13924543.14 13924624.3
625
626
627 13924706.46 13924726.17
628
629 13924367.05
630 13924360.28 13924360.88 13924364.52 13924841.59 13924842.33 13924851.43 13924852.96 13924854.19 13924858.69
631
632
633 13924426.32 13924437.3
634 13924778.75
635
636
637 13924366.58
638 13924360.39 13924367.19 13924435.99 13924438.87 13924842.3 13924842.44 13924842.71
639 13924724.44
640 13924841.59 13924842 13924844.47 13924846.1
641 13924814.03 13924829.36
642
643
644
645 13924778.33
646
647
648 13924722.86 13924729.88
649
650
651
652
653
654
655
656 13924713.05 13924724.59 13924736.59
657 13924465.63 13924466.4 13924469.91 13924472.54 13924489.3 13924530.6 13924537.72 13924539.38 13924567.09 13924647.24 13924695.53
658 13924746.86 13924749.79 13924750.47 13924758.11 13924761.25
659
660 13924705.72
661
662 13924822.39
663 13924781.11 13924788.11
664
665
666 13924521.88 13924521.94 13924637.18 13924653.93 13924656.48 13924656.64 13924691.68
667
668
669
670
671
672 13924516.83 13924599.54
673 13924372.12 13924372.51 13924840.06 13924841.72 13924845.11 13924845.23
674 13924468.88 13924498.34 13924570.91 13924571.18 13924572.24 13924573.68 13924574.55 13924583.74 13924584.61 13924591.21 13924591.43 13924598.64 13924697.33 13924697.82 13924699.98
675
676 13924845.06
677
678
679
680 13924565.16 13924605.26 13924606.45 13924606.5 13924630.65 13924654.2 13924657.28 13924657.57
681
682
683
684
685
686
687 13924421.16 13924822.04
688 13924745.93 13924748.8
689
690
691
692 13924709.86 13924764.27
693
694
695
696 13924436.07 13924463.04 13924842.05 13924845.42
697 13924822.89 13924830.15
698
699
700 13924466.3 13924469.36 13924471.3 13924492.33 13924498.27 13924557.02 13924583.63
701 13924466.82 13924578.74 13924579.9 13924597.37 13924604.01
702
703 13924380.79 13924397.61 13924403.5 13924406.45 13924407.43 13924408.23 13924412.73 13924419.97 13924425.29 13924428.92 13924446.5 13924449.33 13924450.19 13924451.79
704
705
706 13924779.98 13924824.99 13924830.19 13924830.82
707
708
709
710
711
712
713 13924780.15 13924807.3 13924807.47
714 13924369.56 13924839.64 13924842.49 13924844.3
715 13924777.2
716
717
718
719
720
721
722 13924411.7
723
724
725
726
727 13924800.73
728
729 13924716.35
730
731 13924723.14 13924739.49 13924740.24 13924758.61 13924765.95 13924768.3
732
733
734 13924505.25 13924505.3
735
736
737 13924765.21
738
739 13924709.92 13924740.78 13924769.56 13924836.91
740 13924706.34 13924707.21 13924749.43 13924753.17
741 13924774.11 13924776.59 13924779.11
742 13924706.55 13924726.23 13924726.48 13924740.61 13924761.88
743 13924737.05
744
745
746 13924709.08 13924716.34 13924748.3
747
748 13924365.9 13924382.15 13924408.53 13924432.89 13924436.99 13924448.27 13924452.55 13924842.48
749 13924707.4
750
751
752 13924705 13924722.27 13924763.34
753
754
755
756 13924484.06 13924484.33 13924495.3 13924562.65 13924657.73
757
758 13924437.06
759
760
761 13924780.16 13924780.74 13924822.26
762 13924490.64 13924656.84 13924689.87 13924690.3
763
764
765
766 13924709.89 13924767.02
767 13924494.69 13924513.81 13924514.15 13924686.9
768
769
770
771
772
773
774
775
776 13924707.42 13924707.52 13924709.43 13924730.69 13924731.11 13924731.62 13924733.46 13924735.89 13924748.29 13924757.69
777
778
779
780
781
782 13924647.01
783 13924707.1 13924737.91 13924747.29 13924747.76 13924748.09 13924748.91 13924753.38 13924754.36 13924755.43 13924756.48
784
785
786
787 13924777.58 13924781.53 13924785.9 13924785.98 13924786.04 13924790.04 13924813.59
788 13924726.77 13924728.11 13924765.11
789
790 13924709.04 13924709.67
791 13924757.69 13924758.29 13924760.34
792
793
794 13924537.4 13924552.42 13924559.44 13924560.39 13924562.12 13924563.18 13924566.12 13924566.56 13924636.47
795 13924467.58 13924695.77
796
797
798
799
800 13924409.54 13924839.45
801
802 13924779.53 13924783.01 13924783.25 13924784.62
803
804
805
806
807 13924727.45
808 13924473.21 13924473.8 13924474.32 13924529.05 13924531.58 13924629.15
809
810
811
812
813 13924779.04 13924779.47
814
815
816 13924842.21 13924842.92
817
818 13924468.37 13924470.33 13924471.13 13924488.96 13924553.27 13924557.02
819 13924468.57 13924469.79 13924489.19 13924490.81 13924514.56 13924519.88 13924658.77 13924688.04
820 13924727.4 13924736.09 13924740.8 13924757.78
821
822
823
824
825
826
827
828 13924462.49 13924468.68 13924481.95 13924681.88 13924685.75
829
830
831 13924773.39 13924779.89 13924780.96 13924807.75 13924807.84
832 13924380.32 13924429.79 13924842.61
833 13924467.39 13924469.85 13924473.21 13924530.49 13924555.42 13924657.79 13924689.54
834
835 13924706.35 13924708.46
836 13924469.19 13924657.95 13924662.47 13924686.3
837
838
839 13924466.14 13924468.96 13924569.43
840 13924708.38 13924709.98 13924717.53
841
842
843 13924395 13924395.77 13924398.59 13924839.8
844
845 13924821.66
846
847
848
849 13924705.69
850
851 13924776.95 13924777.25 13924792.64 13924822.74 13924828.43
852
853
854
855 13924392.56
856
857
858
859
860 13924706.82 13924708.19
861
862 13924791.93 13924805.56 13924822.58
863
864 13924514.81 13924564.14 13924570.38 13924625.13 13924656.95 13924657.93 13924681.31
865
866
867
868
869 13924777.24
870
871
872
873 13924488.75 13924489.73
874
875 13924776.83 13924797.89 13924802.35 13924806.28 13924825.82 13924827.34
876
877 13924466.93 13924564.76
878
879
880
881 13924418.27 13924420.7 13924420.97 13924421 13924425.75 13924436.98
882
883
884
885
886
887 13924839.03 13924843.67 13924851.03 13924852.44
888
889 13924707 13924772.12 13924772.86
890
891
892
893
894
895 13924467.7 13924467.91 13924508.71 13924511.25 13924513.3 13924516.83 13924540.1 13924546.15 13924565.36 13924581.28 13924588.52 13924590.18 13924591.33 13924595.47 13924637.78 13924679.7
896
897 13924740.57
898 13924805.3
899
900 13924446.26 13924839.67 13924840.11 13924848.54
901
902
903 13924571.16 13924579.69 13924584.08 13924606.19 13924606.54 13924609.62 13924611.27
904
905
906
907 13924365.89 13924392.32 13924839.57
908
909 13924514.82 13924514.97 13924525.12 13924662.08 13924700.31
910
911 13924777.83 13924779.05 13924807.32
912
913
914
915
916
917
918 13924724.49 13924724.54 13924740.6 13924742.23 13924747.08 13924747.12 13924752.12
919
920 13924461.55
921 13924466.9 13924622.98 13924630.12
922 13924392.42 13924820.42
923 13924808.01 13924808.6 13924813.61
924 13924463.01 13924466.1 13924469.32 13924553.31
925
926
927
928
929
930
931
932
933
934
935
936
937
938
939 13924408.21 13924409.59 13924409.88
940
941
942
943 13924476.2 13924625.09 13924652.28 13924659.04
944
945
946
947
948
949
950 13924777.98
951
952 13924436.6 13924461.97 13924462.67
953 13924708.66
954
955
956
957
958 13924706.82 13924707.67 13924752.86
959 13924847.66
960
961
962 13924513.44 13924558.93 13924604.98 13924616.17
963 13924705.43 13924728.19
964 13924776.75 13924782.05 13924823.95 13924827.89
965
966 13924799.91
967 13924591.95 13924625.25 13924639.12
968 13924796.72 13924814.51 13924816.35 13924816.61
969 13924701.39 13924705.77 13924710.15
970
971
972
973 13924452.46 13924455.96 13924457.76 13924843.73 13924846.19
974
975 13924790.65 13924791.03
976
977
978
979 13924780.2 13924803.58 13924821.59
980
981 13924362.39 13924364.43 13924386.77 13924388.19 13924408.83 13924410.52 13924410.67 13924413 13924652.31 13924844.35
982 13924465.48 13924529.48
983 13924452.4
984 13924520.77 13924531.77 13924536.29 13924537.1 13924556.69 13924625.95 13924627.74 13924628.94 13924630.55 13924638.06 13924640.66
985
986
987 13924467.88 13924470.07 13924471.13 13924471.64 13924471.89 13924486.15 13924559.44 13924619.28 13924652.41 13924657.08 13924691.33 13924699.6
988
989 13924707.76 13924721.79
990
991
992
993
994
995 13924466.26 13924471.2 13924553.83
996 13924483.14 13924501.59 13924505.72 13924508 13924531.1 13924687.79
997
998 13924392.25 13924446.58 13924845.19 13924845.72 13924850.87
999
1000 13924807.44
1001
1002
1003
1004 13924500.15 13924531.51 13924689.33 13924691.24
1005
1006
1007
1008
1009 13924466.29 13924468.1 13924469.63 13924470.25 13924471.28 13924477.41 13924477.67 13924481.02 13924498.61 13924682.56
1010
1011
1012
1013 13924822.29 13924823.58
1014 13924706.01 13924708.06
1015
1016
1017 13924740.73 13924773.03 13924774.09
1018 13924709.9 13924713.32
1019
1020
1021
1022 13924373.92
1023
1024
1025 13924570 13924614.28 13924618.12
1026
1027
1028 13924737.24
1029
1030 13924531.18 13924638.46 13924643.85
1031
1032
1033 13924713.07 13924722.2 13924723.32
1034 13924484.08 13924484.58 13924485.78 13924488.1 13924494.05 13924545.99 13924633.04
1035 13924369.42 13924376.09 13924382.98 13924418.26 13924843.38
1036 13924706.11
1037 13924377.84 13924392.59 13924395.43 13924403.66
1038 13924806.62 13924807.78
1039
1040
1041
1042 13924805.22
1043 13924366.94 13924368.68 13924368.71 13924394.06
1044 13924391.85 13924409.56 13924839.53 13924840.38 13924841.28 13924846.3 13924848.39 13924854.34 13924855.74 13924856.22
1045 13924703.47 13924704.47 13924706.54 13924707.66 13924710.6 13924711.01
1046
1047
1048 13924489.55
1049
1050
1051
1052
1053
1054 13924705.34 13924707.11 13924708.27 13924709.59
1055
1056
1057 13924747.08
1058
1059
1060
1061
1062 13924705.82
1063 13924806.87
1064 13924361.88 13924383.41 13924431.16
1065
1066
1067
1068
1069
1070
1071
1072
1073 13924840.36 13924848.57 13924849.53 13924855.93
1074
1075
1076
1077
1078 13924387.65 13924409.93 13924417.75 13924418.02 13924428.76 13924840.11
1079
1080
1081 13924822.04
1082 13924365.45 13924366.05 13924418.07 13924418.97 13924438.63 13924446.45 13924839.8 13924840.44 13924841.95 13924845.95
1083
1084
1085
1086
1087 13924370.28 13924371.02 13924376.81 13924842.44 13924846.3 13924846.71 13924849.08
1088
1089
1090
1091
1092 13924705.09 13924753.62 13924757.68
1093
1094 13924705.48 13924746.13
1095 13924779.27
1096
1097
1098
1099
1100
1101 13924822.04
1102
1103
1104
1105 13924517.27 13924517.28 13924517.3 13924521.83 13924536.68 13924658.87
1106
1107
1108
1109
1110
1111
1112
1113
1114
1115 13924402.96 13924418.56 13924437.85 13924447.67 13924447.9
1116 13924779.7 13924780.34
1117 13924467.5 13924533.74 13924580.94 13924620.03 13924649.05 13924664.73 13924665.7 13924670.02
1118 13924705.84 13924707.72 13924727.6 13924737.74 13924738.26
1119 13924462.02
1120 13924805.2 13924815.49
1121
1122
1123
1124
1125
1126
1127 13924531.23 13924671.73
1128 13924708.33
1129 13924580.61 13924597.97 13924605.31
1130
1131
1132
1133
1134 13924386.12 13924420.99 13924421.22 13924431.05
1135
1136
1137 13924842.54 13924842.81
1138
1139 13924431
1140 13924392.52 13924392.58 13924436.98 13924841.42 13924843.09 13924843.57
1141
1142
1143
1144
1145
1146
1147
1148
1149
1150 13924500.04 13924500.3 13924505.67 13924579.39 13924651.96 13924652.94 13924695.35 13924700.85
1151 13924803.68
1152
1153
1154 13924706.4
1155 13924392.42 13924403.16 13924417.72
1156
1157 13924778.13 13924796.97 13924799.93
1158
1159
1160
1161
1162
1163
1164
1165
1166 13924598.01 13924598.94 13924599.61 13924625.58 13924687.01
1167
1168
1169 13924417.21 13924429.02
1170
1171 13924813.98 13924817.11
1172
1173 13924467.81 13924505.09 13924508.44 13924508.74 13924511.53 13924517.7 13924518.04 13924617.66 13924624.75 13924626.26 13924685.76
1174
1175
1176
1177
1178
1179
1180
1181
1182 13924468.84 13924583.17 13924662.66 13924664.64
1183
1184
1185 13924367.19 13924374.8 13924375.77 13924376.73 13924378.19
1186 13924777.97
1187
1188
1189
1190
1191
1192
1193
1194
1195 13924739.55
1196
1197 13924778.81 13924780.75 13924817.33
1198 13924825
1199 13924469.33 13924469.49 13924471.71 13924485.14 13924498.64 13924545.85 13924546.38 13924556.96
1200
1201 13924778.96
1202
1203
1204
1205
1206
1207 13924466.87 13924467.29 13924489.35 13924605.75 13924684.64 13924686.38
1208
1209 13924366.67 13924371.34 13924409.33
1210
1211
1212
1213
1214
1215
1216
1217 13924416.47
1218 13924840.93 13924841.7
1219
1220 13924704.74 13924741.65
1221
1222 13924449.43
1223 13924701.23 13924708.92
1224 13924846.25 13924855 13924856.81
1225
1226
1227 13924706.29
1228
1229
1230
1231 13924468.15 13924522.83
1232
1233
1234
1235
1236
1237
1238 13924499.77 13924518.76 13924519.94 13924520.95 13924529.42 13924530.36 13924537.71 13924582.59 13924612.87 13924691.6
1239
1240
1241
1242 13924678.97
1243
1244 13924705.76 13924706.65 13924723.41 13924735.48 13924737.25 13924744.72 13924748.26 13924749.12 13924759.27 13924771.01
1245
1246
1247
1248
1249
1250
1251
1252
1253 13924409.15 13924462.03 13924673.42
1254 13924543.33 13924543.46 13924547.95
1255
1256
1257
1258
1259 13924500.22 13924500.77 13924535.43 13924537.31 13924537.35 13924563.55 13924641.56 13924642.29 13924645.75 13924646.63 13924648.3
1260
1261
1262
1263 13924791.67 13924793.42 13924806.91 13924810.87 13924822.7
1264
1265
1266 13924360.64 13924367.25 13924369.72 13924439.97 13924842.87 13924843.96 13924853.25
1267 13924773.82 13924777.27 13924777.33
1268 13924736.91
1269 13924373.62 13924377.75
1270 13924467.03 13924536.59 13924565.57 13924565.64 13924566.44 13924578.97 13924660.27
1271 13924777.18
1272
1273
1274
1275
1276
1277
1278 13924360.62 13924378.49 13924378.69 13924380.79
1279 13924756.98
1280
1281
1282
1283
1284
1285 13924467.43 13924467.47 13924469.76 13924470.63 13924473.66 13924474.82 13924474.84 13924476.66 13924482.27 13924489.53 13924552.95 13924625.11 13924660.16 13924660.72
1286
1287
1288
1289
1290 13924705.8 13924747.04
1291
1292
1293 13924518.16 13924519.47 13924579.06
1294
1295
1296 13924468.27 13924545.2 13924547.53 13924548.94 13924654.49 13924659.73 13924670.15
1297 13924708.48 13924710.01
1298 13924740.21 13924743.26 13924747.34 13924748.77 13924750.31
1299
1300
1301
1302 13924721.71
1303
1304 13924704.94 13924707.92 13924709.96 13924752.83 13924761.12
1305 13924392.23 13924464.39 13924467.66 13924514.94 13924536.22 13924680.38
1306
1307
1308
1309
1310 13924571.37 13924573.4 13924579.64 13924582.8 13924605.91 13924635.32
1311
1312 13924535.43 13924608.28
1313
1314
1315
1316 13924465.51 13924465.99 13924468.68 13924471.03 13924557.11 13924565.52 13924565.61 13924571.57 13924572.83 13924578.6 13924581.03 13924671.19
1317 13924780.75 13924780.82
1318 13924718.33 13924767.38 13924768.27
1319
1320
1321
1322
1323 13924778.6 13924780.73 13924794.01 13924832.14 13924837.11
1324
1325
1326 13924481.19 13924483.39 13924485.32 13924486.3 13924489.3 13924494.9 13924566.58 13924572.34 13924574.41 13924591.99 13924593.3 13924631.48 13924653.86 13924671.86
1327 13924705.62 13924708.19 13924723.84 13924723.96
1328
1329
1330
1331 13924824.22
1332 13924466.55 13924467.17 13924469.79 13924518.57 13924534.76 13924539.07 13924542.76 13924598.9 13924630.34 13924631.55 13924641.62
1333 13924773.64 13924773.71 13924779.07 13924779.12
1334
1335 13924504.88 13924528.74 13924530.56 13924559.73 13924617.07 13924678.14 13924679.9
1336 13924708.71 13924764.21
1337
1338
1339 13924706.38 13924709.11 13924734.64 13924741.13
1340 13924658.18 13924660.77
1341
1342 13924780.51 13924803.7 13924806.23
1343
1344
1345
1346 13924386.88 13924409.33
1347
1348 13924791.61 13924793.05 13924796.44 13924822.5 13924824.99 13924830.03 13924838.04
1349
1350
1351
1352
1353
1354
1355
1356
1357 13924707.62 13924708.97
1358
1359
1360
1361 13924365.27 13924370.41 13924844.58 13924846.11 13924852.59
1362 13924773.88
1363 13924466.98 13924468.6 13924474.14 13924505.01
1364 13924360.04 13924362.45 13924408.82 13924437.1 13924447.33 13924447.79 13924450.03 13924453.53 13924453.77 13924456.43 13924840.98
1365
1366
1367 13924377.89 13924841.82 13924851.17
1368 13924466.85 13924556.99 13924622.67 13924672.02
1369
1370 13924466.69 13924467.21 13924468.16 13924468.47 13924513.17 13924657.11 13924665.59 13924667.68
1371
1372 13924498.95 13924544.05 13924578.68
1373
1374
1375
1376 13924450.14
1377 13924380.51 13924402.61 13924849.65
1378 13924392.29
1379 13924470.92 13924471.66 13924525.49 13924529.86 13924636.68 13924661.35 13924696.4 13924699.98
1380
1381
1382
1383
1384
1385
1386
1387 13924773.98 13924774.18 13924775.61 13924776.12 13924778.08 13924779.83 13924800.4 13924822.56
1388
1389
1390 13924471.25 13924475.14 13924484.09 13924520.38 13924632.14 13924679.77
1391
1392 13924551.88
1393
1394
1395
1396
1397 13924797.6 13924802.83 13924816.5
1398
1399
1400
1401
1402
1403
1404
1405 13924773.6
1406
1407
1408
1409
1410
1411
1412
1413 13924781.57 13924782.15
1414
1415
1416
1417 13924710.93 13924711.35 13924714.8 13924725.69 13924747.02 13924749.17 13924750.54
1418
1419
1420 13924397.05
1421 13924465.41 13924468.29 13924470.01 13924472.78 13924474.63 13924474.94 13924579.62 13924613.52 13924686.16
1422
1423 13924775.86 13924785.4 13924791.27 13924796.9
1424
1425
1426
1427
1428
1429 13924461.98 13924463.93 13924558.7 13924579.36 13924583.42 13924657.61
1430
1431
1432 13924706.45 13924709.17 13924711.24 13924741.54 13924758.73
1433
1434
1435 13924615.47 13924625.54
1436 13924724.11
1437
1438
1439
1440 13924469.95 13924605.14 13924607.35 13924620.85
1441 13924822.4
1442
1443 13924777.77 13924779.83
1444
1445 13924776.81
1446 13924723.09 13924724.36
1447 13924393.2 13924419 13924842.74
1448
1449
1450
1451 13924780.13 13924780.73 13924780.84 13924807.48
1452
1453
1454 13924842.24 13924842.47
1455 13924778.46 13924780.49
1456
1457 13924802.66 13924814.97 13924815.11 13924817.35
1458
1459
1460
1461 13924414.38 13924840.3 13924841.04 13924845.16
1462 13924773.53 13924777.81 13924778.29 13924801
1463 13924427.63 13924437.63 13924438.39 13924438.69 13924443.58 13924447.45
1464
1465 13924499.86 13924514.35 13924540
1466
1467
1468 13924734.57
1469
1470
1471
1472 13924778.6 13924780.72 13924800.08 13924802.21 13924809.07 13924812.62 13924825.92
1473
1474 13924778.7 13924792.18
1475
1476
1477
1478
1479
1480
1481 13924801.6 13924804.29 13924807.57 13924815.17 13924817.36 13924821.95
1482
1483
1484
1485
1486
1487 13924689.23
1488
1489 13924709.82
1490
1491
1492 13924776.35 13924781.49 13924801.29 13924824.7 13924824.71 13924825.78 13924826.73 13924830.01
1493
1494
1495 13924536.92 13924539.87 13924620.89 13924640.79
1496
1497
1498 13924468.31 13924558.01 13924560.61 13924564.08 13924565.3 13924565.45 13924565.85 13924657.66
1499
1500
1501 13924757.19 13924757.66 13924763.5
1502
1503
1504
1505 13924365.74 13924397.41 13924402.68 13924410.86 13924411.45 13924841.16 13924842.38 13924842.86 13924850.02 13924855.2
1506 13924777.81 13924781.15
1507
1508
1509 13924775.41 13924776.48 13924778.83 13924805.87 13924813.48 13924826.83 13924836.01
1510 13924709.12 13924716.53 13924719.47 13924727.77 13924732.53 13924735.1 13924740.59
1511
1512
1513
1514
1515
1516
1517 13924368.25 13924386.17 13924407.54 13924840.09
1518
1519
1520
1521
1522
1523 13924432.9 13924437.64 13924439.01 13924844.07
1524
1525 13924721.45
1526 13924500.17 13924535.38 13924538.18 13924581.01 13924617.09
1527
1528
1529
1530
1531 13924705.28
1532
1533 13924489.4 13924523.87 13924524.43 13924538.47 13924650.11 13924654.32 13924674.37 13924689.93
1534
1535 13924392.18 13924839.53 13924842.02 13924851.88 13924853.77
1536
1537 13924369.44 13924845.69
1538
1539
1540
1541
1542 13924465.75 13924467.48 13924467.66 13924624.48
1543
1544
1545 13924758.55
1546
1547 13924777.44 13924799.96 13924819.38
1548 13924428.1
1549 13924708.18 13924710.85 13924714.65
1550 13924708.43 13924710.45 13924713.72 13924725 13924756.01 13924765.16
1551
1552
1553
1554
1555 13924781.57 13924804.26 13924806.46 13924807.27 13924807.73
1556
1557
1558 13924432.99
1559 13924486.47 13924487.09 13924563.73 13924659.75 13924665.2 13924697.22 13924698.07
1560
1561
1562
1563
1564
1565
1566
1567 13924467.37 13924468.28 13924570.64 13924572.35 13924608.35 13924615.87
1568
1569
1570
1571
1572
1573
1574 13924703.32
1575
1576
1577
1578
1579 13924679.72 13924706.67 13924709.55 13924737.36
1580
1581
1582
1583
1584
1585
1586 13924527.84
1587 13924778.65 13924780.97 13924822.33
1588
1589 13924408.5 13924849.6
1590
1591
1592 13924841.11
1593
1594
1595
1596
1597
1598
1599
1600
1601 13924513.78 13924658.35
1602 13924416.27 13924462.21 13924841.5
1603
1604 13924498.14 13924500.06 13924605.98 13924655.83
1605 13924707.2 13924747.04 13924749.41
1606 13924771.95
1607
1608
1609
1610 13924437.12 13924850.48
1611 13924700.17 13924702.27
1612
1613 13924415.11
1614
1615
1616 13924489.09 13924629.13 13924654.27
1617
1618
1619 13924741.36
1620 13924535.95 13924537.13 13924537.37 13924540.66 13924544.16
1621
1622 13924777.05
1623 13924579.03 13924594.89
1624
1625
1626
1627 13924831.41 13924832.61
1628 13924469.08 13924500.76 13924508.43 13924631.45 13924631.54
1629
1630 13924487.49
1631 13924703.8 13924706.82 13924713.25
1632 13924709.2 13924710.3
1633
1634
1635 13924366.51 13924374.04 13924394.95 13924395.97
1636
1637
1638 13924461.82
1639 13924378.04
1640
1641
1642
1643
1644
1645
1646
1647
1648 13924822.54
1649 13924779.31
1650 13924757.32
1651 13924360.86 13924839.53
1652
1653
1654 13924465.56 13924465.65 13924466.08 13924467.75 13924475.18 13924486.77 13924492.19 13924497.29 13924513.25 13924607.53 13924609.67 13924660.64
1655
1656
1657 13924446.22 13924447.29 13924838.68 13924840.91 13924845.13 13924852.43
1658 13924512.85 13924519.16 13924531.38 13924553.41 13924553.73 13924554.76 13924555.56
1659
1660
1661
1662 13924705.54 13924711.24
1663
1664
1665 13924435.58 13924437.3
1666 13924804.09
1667 13924437.02 13924437.77 13924841.75 13924848.06
1668
1669
1670 13924708.54
1671 13924392.3
1672 13924392.31
1673
1674 13924513.4
1675
1676
1677
1678 13924465.27 13924465.44 13924469.31 13924484.59 13924704.32
1679 13924781.67 13924782.66 13924785.69 13924787.14 13924791.49 13924794.12 13924822.83
1680
1681
1682 13924774.2 13924779.81 13924780.53 13924784.51
1683
1684
1685 13924691.64
1686
1687
1688
1689
1690 13924392.18
1691
1692
1693
1694 13924778.92
1695 13924366.68
1696
1697 13924467.4 13924469.99 13924522.68 13924528.86 13924564.82 13924614.37 13924679.67 13924701.11
1698 13924704.31 13924705.21 13924707.85 13924736.54 13924740.11
1699
1700 13924787.82
1701
1702 13924826.04
1703 13924562.12 13924571.87 13924579.76 13924592.05 13924679.11
1704
1705
1706
1707 13924394.35 13924403.64 13924446.87 13924455.51 13924839.89 13924839.96 13924843.73
1708 13924825.18 13924825.49 13924828.58 13924831.77 13924832
1709
1710
1711
1712
1713
1714 13924465.4 13924468.05 13924469.06 13924514.63 13924520.06 13924520.8 13924632.69 13924633.22 13924635.71 13924647.62 13924690.01
1715
1716
1717
1718
1719
1720
1721
1722
1723
1724
1725
1726
1727
1728
1729 13924392.32
1730
1731 13924777.45
1732
1733
1734
1735 13924409.43 13924436.8
1736
1737 13924467.14 13924637.49
1738
1739
1740
1741 13924780.02
1742 13924689.95
1743
1744
1745
1746
1747 13924704.29 13924709.18 13924709.87 13924712.68 13924719.05 13924761.47
1748
1749
1750
1751
1752 13924556.16 13924583.84 13924584.7 13924597.8 13924629.52 13924682.53 13924691.87 13924694.77 13924698.08
1753 13924413.42 13924417.21 13924436.84
1754
1755
1756
1757 13924778.27 13924822.7
1758
1759 13924514.16 13924514.58 13924523.13 13924612.38
1760
1761
1762 13924465.68 13924467.5 13924469.13 13924469.21 13924488.44 13924593.44 13924598.12 13924605.39 13924610.62 13924610.8
1763
1764
1765
1766
1767
1768
1769 13924823.19 13924825.05 13924826.31 13924828.41
1770
1771 13924367.03 13924413.9 13924448.69
1772
1773
1774 13924360.72
1775 13924845.07
1776 13924379.01 13924380.9 13924841.88 13924842.65 13924843.07
1777
1778
1779
1780
1781
1782
1783
1784
1785 13924530.53 13924573.03 13924584.24 13924669.47 13924674.65 13924680.12 13924685.23
1786 13924579.59 13924632.32 13924640 13924681.22 13924681.64
1787 13924706.76
1788
1789 13924377.39 13924381.46
1790
1791
1792
1793
1794 13924705.91 13924708.7
1795 13924704.87 13924707.89 13924709.8 13924712.09 13924736.87 13924766.29
1796
1797
1798 13924520.91 13924685.25
1799
1800 13924703.2
1801 13924778.62 13924785.87 13924803.46
1802
1803
1804
1805
1806 13924792.06
1807
1808
1809
1810
1811 13924415.04
1812
1813 13924467.69 13924469.35 13924470.76 13924470.89 13924659.89 13924671.6
1814
1815 13924706.02 13924765.01
1816
1817
1818
1819
1820 13924467.9 13924492.41 13924494.14 13924605.56 13924617.39 13924629.26 13924663.01 13924675.18 13924675.24
1821
1822
1823 13924447.59 13924840.71
1824
1825
1826
1827
1828
1829
1830
1831
1832
1833 13924467.46 13924520.67 13924524.24 13924528.67 13924530.1 13924573.17 13924573.34 13924607.96 13924681.08
1834
1835 13924704.89 13924706.01 13924707.26 13924768.29
1836 13924430.75 13924431.24
1837
1838
1839 13924412.99 13924437.09 13924461.95
1840
1841
1842
1843 13924839.41 13924844.17
1844
1845
1846
1847
1848 13924450.16
1849 13924727.88 13924737.69
1850
1851 13924708.06 13924724.08 13924727.87 13924728.49 13924729.63 13924729.68 13924731.06 13924732 13924741.16 13924753.21 13924754.7 13924754.89
1852 13924392
1853
1854
1855
1856
1857 13924403.37 13924409.5 13924409.74 13924422.76 13924425.23 13924858.71
1858 13924366.94 13924367.77 13924416.73 13924448.06 13924841.68
1859
1860
1861 13924821.29 13924822.19 13924824.41
1862 13924366.92 13924367.85 13924369.61 13924409.59 13924416.61 13924430.45 13924430.93 13924436.13
1863 13924438.83
1864
1865
1866
1867
1868
1869
1870 13924722.18 13924771.05
1871 13924492.09 13924521.78 13924541.92 13924583.08 13924648.06 13924671.42 13924680.54
1872 13924467.61 13924559.71
1873 13924496.47 13924497.4 13924515.96 13924551.96 13924617.33 13924619.99
1874
1875
1876 13924628.87 13924633.51 13924637.05 13924674.65
1877
1878 13924579.82 13924587.24
1879 13924436.94
1880 13924380.44
1881
1882
1883
1884
1885 13924418.49 13924421.46 13924421.81 13924422.23 13924839.87
1886
1887 13924778.16 13924814.25
1888
1889 13924541.21 13924544.56 13924544.97 13924546.82
1890
1891 13924779.6 13924781.85 13924783.69 13924822.29
1892
1893
1894
1895 13924529.89 13924552.92 13924578.45 13924657.21 13924671.93
1896 13924737.38 13924741.92 13924757.18
1897
1898 13924700.08
1899
1900
1901
1902
1903
1904
1905 13924466.24 13924501.69 13924605.67 13924681.8
1906
1907
1908
1909
1910 13924792.71
1911
1912
1913
1914 13924366.14 13924380.76
1915
1916
1917
1918 13924392.24
1919
1920 13924707.14 13924707.32 13924709.7 13924713.47 13924717.4
1921 13924362.76 13924387.96 13924843.06
1922
1923
1924 13924653.72
1925
1926
1927
1928 13924706.12 13924714.28 13924718.78 13924727.56
1929
1930 13924533
1931
1932 13924839.48 13924847.19
1933
1934
1935 13924379.55 13924402.98 13924410.21
1936 13924472.84 13924632.59 13924651.05 13924652.95 13924653.42 13924660.15 13924671.56 13924698.66
1937
1938
1939
1940 13924408.74
1941
1942
1943
1944 13924361.84 13924370.08 13924840.56 13924850
1945
1946
1947
1948 13924597.38 13924670.81
1949
1950
1951
1952
1953
1954 13924776.61 13924778.49 13924780.7 13924782.32
1955 13924746.33 13924749.2
1956 13924578.99 13924590.56 13924610.43
1957 13924841.62
1958
1959
1960
1961
1962 13924678.93
1963 13924822.41
1964
1965
1966
1967
1968
1969 13924841.8 13924851.02 13924858.85
1970
1971
1972 13924466.68 13924471.97
1973
1974 13924378.34 13924842.47 13924850.14
1975
1976
1977 13924779.58 13924807.76
1978 13924466.66 13924489.06 13924544.55 13924586.36 13924657.45 13924680.64 13924681.35 13924694.27
1979
1980
1981 13924820.54
1982 13924410.11 13924413.57 13924840.5 13924841.64
1983
1984
1985
1986 13924779.67
1987
1988 13924822.54
1989 13924365.73 13924446.43
1990
1991
1992
1993 13924656.77
1994 13924535.4 13924542.33
1995 13924378.26 13924839.96 13924840.8
1996 13924422.05 13924425.59 13924429.67 13924431.35 13924433.61 13924436.48 13924849.1 13924851.95 13924853.81 13924856.72
1997 13924779.1 13924779.14
1998
1999
2000
2001
2002
2003
2004
2005
2006
2007
2008
2009
2010 13924367.2 13924373.49 13924414.96 13924457.56 13924460.74
2011
2012
2013
2014 13924462.71 13924471.08 13924492.51 13924564.8 13924568.48 13924572.13 13924590.85 13924617.52 13924617.71 13924647.83 13924671.89
2015
2016 13924486.05 13924486.39 13924627.76 13924632.68 13924636.2 13924640.62 13924656.46 13924662.16
2017
2018
2019
2020
2021
2022
2023
2024
2025 13924471.63 13924529.61
2026
2027
2028
2029 13924708.31
2030
2031
2032
2033 13924748.08
2034
2035
2036
2037
2038 13924821.79
2039
2040
2041 13924517.2 13924691.45
2042
2043 13924777.51
2044
2045 13924407.49
2046 13924705.55 13924711.52 13924716.47 13924756.68 13924765.29
2047 13924773.58
2048
2049
2050
2051
2052 13924728.45
2053 13924839.76 13924839.77
2054 13924469.29 13924470.48 13924478.12 13924478.38 13924479.01 13924659.9
2055
2056
2057
2058
2059 13924762.53
2060 13924392.42 13924463.23
2061
2062 13924470.23 13924551.62 13924557.82 13924558.02 13924563.76 13924568.03 13924571.08 13924606.4 13924633.08 13924638.49
2063
2064
2065
2066 13924570 13924579.6 13924586.6 13924595.45 13924674.72 13924697.31
2067
2068
2069
2070
2071
2072 13924777.78
2073
2074
2075 13924392.43
2076 13924556.54 13924595.68 13924598.43 13924601.4 13924625.6 13924685.73
2077
2078
2079
2080 13924365.92 13924388.99 13924449.22 13924841.92 13924843.97 13924847.04
2081
2082
2083 13924369.99 13924407.69 13924843.54 13924860.49
2084 13924519.8 13924556.92 13924617.38 13924617.98 13924659.01 13924665.94
2085
2086
2087
2088 13924469.74 13924472.51 13924545.84
2089 13924450.66 13924845.21
2090
2091
2092 13924723.71
2093
2094
2095 13924716.89
2096
2097
2098
2099
2100
2101
2102
2103 13924779.87
2104
2105
2106
2107 13924772.54
2108
2109
2110
2111
2112
2113 13924468.17 13924531.04 13924656.76
2114
2115
2116 13924822.27
2117 13924391.95
2118
2119 13924844.53 13924848.67 13924850.36
2120
2121
2122
2123 13924842.1 13924842.34
2124
2125
2126 13924466.09 13924469.8 13924469.84 13924481.63 13924483.62 13924550.94 13924552.22 13924555.81 13924681.9
2127
2128
2129
2130
2131
2132 13924621.35 13924625.47 13924652.65
2133
2134
2135
2136 13924839.65
2137
2138
2139
2140
2141
2142
2143 13924466.76 13924489.71 13924492.81 13924497.32 13924499.61 13924544.37 13924544.57 13924625.19
2144
2145
2146 13924803.65
2147 13924756.93
2148 13924414.48 13924431.01 13924447.29 13924462.02 13924840.88
2149
2150 13924467.49 13924467.72 13924471.43 13924472.99 13924478.31 13924482.44 13924500.09 13924514.4 13924624.16 13924625.43 13924660.33 13924680.48
2151
2152 13924367.31 13924418.74 13924437.04
2153
2154
2155
2156
2157 13924533.31 13924569.93 13924639.69
2158
2159
2160 13924707.15 13924737.92 13924739.29
2161
2162 13924366.65 13924414.6 13924420.67 13924425.46 13924822.3 13924840.31 13924841.35 13924844.53 13924849.54
2163 13924485.36 13924486.05 13924489.09 13924514.87 13924556.96 13924564.84 13924578.07 13924689.9
2164
2165
2166 13924707.81 13924769.04
2167
2168 13924780.04 13924782.87 13924807.44
2169
2170 13924584.86 13924586.52 13924587.27 13924592.21 13924593.07 13924593.08 13924597.68
2171
2172
2173
2174 13924747.43
2175 13924777.56 13924800.84 13924804.27
2176
2177
2178
2179
2180
2181
2182
2183 13924492.97 13924531.07
2184 13924782.36 13924785.12 13924786.65 13924825.58
2185
2186
2187
2188 13924779.04 13924780.5
2189
2190 13924781.82
2191
2192
2193 13924740.65 13924741.38 13924756.99
2194
2195 13924369.34 13924844.52
2196
2197
2198 13924807.8
2199 13924617.8 13924637.65
2200
2201
2202
2203
2204 13924373.45
2205
2206
2207
2208
2209
2210
2211
2212
2213
2214
2215 13924394.24 13924394.71
2216 13924396.71 13924412.44 13924414.28 13924839.29 13924845.06
2217
2218
2219 13924707.71 13924716.54
2220 13924780.52
2221 13924467.63 13924467.75 13924563.14 13924579.7 13924674.06 13924674.18 13924674.22 13924677.89 13924689.66
2222 13924426.65 13924437.08
2223 13924467.28 13924468.24 13924468.51 13924583.62 13924588.89 13924590.4 13924596.55 13924679.46 13924679.64 13924689.36
2224
2225
2226
2227
2228
2229
2230
2231 13924462.92
2232
2233
2234
2235
2236
2237 13924581.1 13924657.46 13924682.57
2238 13924748.27 13924750.89 13924751.63 13924751.68 13924753.83
2239
2240
2241 13924470.1 13924596.71 13924597.02 13924611.56
2242
2243 13924777.36
2244
2245
2246
2247
2248
2249
2250
2251
2252
2253
2254 13924777.5 13924778.11 13924780.13
2255
2256
2257 13924489.36 13924518.98 13924573.18 13924620.79 13924628.52 13924629.32 13924638.26
2258 13924632.1 13924643.69
2259
2260
2261
2262 13924484.77 13924536.27 13924630.49 13924631.84 13924634.92 13924638.83 13924643.66 13924683.23
2263
2264
2265 13924776.33 13924777.89 13924779.79
2266
2267
2268 13924740.62 13924758.17
2269
2270 13924607.07
2271
2272 13924469.35
2273
2274
2275
2276 13924392.43
2277
2278 13924704.39
2279
2280
2281
2282 13924536.93
2283
2284
2285
2286
2287
2288 13924469.06 13924469.33 13924500.19 13924501.33 13924505.63 13924536.8 13924542.04 13924548.32 13924549.04 13924612.75 13924615.54 13924621.25
2289
2290
2291
2292 13924465.06 13924514.89 13924522.92 13924523.32 13924531.06 13924545.66 13924554.02 13924556.77
2293 13924467.96 13924548.53 13924549.58 13924552.49 13924626.2 13924626.48 13924632.84 13924641.23 13924644.71 13924654.42 13924666.86 13924669.68
2294
2295 13924366.35 13924367.52 13924375.73 13924424.74
2296
2297 13924777.98
2298
2299 13924468.91 13924469.18 13924564.18 13924691.28
2300
2301 13924463.87 13924477.71 13924530.32 13924553.25
2302
2303
2304 13924488.85 13924500.34 13924501.82 13924514.84 13924657.86 13924680.28 13924684.25 13924700.24
2305
2306
2307
2308
2309
2310
2311
2312 13924414.38 13924443 13924450.77 13924450.95 13924844.16 13924848.62 13924850.31 13924851.78 13924858.89
2313
2314
2315 13924436.55 13924849.95
2316
2317 13924529.35 13924529.4 13924542.45 13924542.72 13924635.37 13924637.99 13924641.95 13924657.81 13924683.76
2318
2319
2320
2321
2322
2323
2324 13924705
2325
2326
2327
2328 13924778.84 13924780.55 13924780.63
2329
2330 13924467.14 13924494.67 13924565.75 13924565.84 13924609.66 13924681.23 13924688.63
2331
2332 13924468.7 13924476.63 13924547.28 13924570.57 13924574.83 13924575.67 13924580.18 13924582.45 13924585.34 13924599.87 13924605.97
2333 13924708.76 13924719.53 13924723.06 13924723.89 13924726.25
2334
2335
2336
2337
2338
2339 13924500.72 13924508.99 13924684.62
2340
2341
2342
2343 13924779.23 13924779.34 13924781.09
2344
2345
2346
2347 13924706.43 13924707.04
2348
2349 13924802.34 13924808.09 13924815.77
2350 13924466.73 13924536.04
2351 13924779.05
2352
2353 13924395.66 13924401.85 13924426.29 13924432.03 13924433.13
2354
2355
2356
2357
2358 13924778.36
2359 13924591.11
2360
2361 13924360.51
2362
2363 13924468.05 13924475.38 13924528.92 13924535.94 13924550.73 13924672.36 13924674.9
2364 13924705.65 13924708.45 13924765.69
2365
2366
2367 13924723.94
2368 13924790.63
2369
2370
2371
2372
2373
2374
2375
2376
2377
2378
2379 13924737.11
2380
2381
2382
2383 13924402.98 13924403.55 13924429.78 13924844.75 13924850.02
2384
2385
2386 13924706.95 13924708.24
2387 13924723.92
2388
2389
2390
2391
2392
2393 13924543.82 13924596.9
2394
2395 13924431.43 13924434.3
2396 13924779.76 13924781.03
2397
2398 13924746.68
2399
2400 13924367.09
2401
2402
2403
2404 13924775.77 13924776.1 13924782.39 13924792.15 13924797.05 13924808.14 13924808.89 13924828.53
2405
2406 13924704.49 13924706.56
2407
2408
2409
2410
2411 13924781.75 13924824.76 13924826.71
2412
2413 13924779.31 13924822.42 13924824.4 13924828.89 13924830.66 13924832.14
2414
2415 13924530.21 13924549.1 13924669.17
2416
2417
2418
2419 13924488.72
2420 13924536.26 13924653.8 13924675.48 13924689.3 13924696.1
2421
2422 13924415.18 13924840.82 13924841.35
2423
2424
2425 13924392.04
2426
2427
2428
2429 13924466.3
2430
2431
2432 13924396.14 13924403.4 13924446.35 13924462.94 13924842.29 13924846.73
2433
2434
2435
2436
2437 13924776.93 13924799.61
2438
2439
2440
2441 13924607.51 13924608.02 13924610.42
2442 13924706.28
2443 13924428.37
2444 13924465.56 13924469.77 13924470.67 13924471.49 13924577.79
2445 13924468.59 13924488.98 13924493.3 13924494.11 13924646.49 13924676.21 13924678.81
2446 13924798.1
2447 13924363.35 13924366.89
2448 13924778.64 13924781.27 13924784.56
2449 13924777.72 13924781.66 13924781.91
2450
2451
2452
2453 13924466.28 13924531.18
2454
2455 13924821.95
2456
2457
2458
2459 13924656.03 13924695.96
2460 13924779.81 13924805.31 13924805.64 13924825.2
2461 13924436.59 13924436.88
2462
2463 13924650.23 13924670.6 13924679.74
2464
2465
2466 13924791.85 13924797.91 13924802.94
2467
2468
2469 13924708.45 13924735.08
2470
2471 13924705.55 13924746.45 13924750.8 13924773.16
2472 13924387.74 13924394.22 13924399.42 13924400.24
2473 13924468.87 13924472.61
2474 13924468.93 13924566.74 13924567.01
2475
2476 13924842.98
2477 13924779.64 13924779.89 13924784.59 13924800.21 13924807.4
2478
2479 13924502.41 13924505.59 13924533.84 13924533.95 13924535.84 13924538.67 13924540.83 13924544.3 13924546.47 13924548.94 13924641.55 13924646.91 13924647.27
2480
2481
2482 13924708.09 13924746.52
2483
2484
2485 13924705.88
2486
2487
2488
2489
2490
2491 13924839.63 13924841.15
2492
2493
2494
2495 13924780.43
2496
2497
2498 13924367.87 13924368.77 13924370.68 13924446.29
2499 13924779.75
